4294967278,24
4294967278,23
4294967278,28
4294967278,27
4294967278,26
4294967278,25
4294967278,361
4294967278,341
4294967278,339
4294967294,30
4294967294,61
4294967294,12
4294967278,37
4294967278,36
4294967278,35
4294967278,34
4294967278,33
4294967278,32
4294967278,31
4294967278,30
4294967278,29
4294967294,11
4294967294,68
4294967278,251
4294967278,409
4294967278,247
4294967278,57
4294967278,56
4294967278,55
4294967278,54
4294967278,53
4294967278,52
4294967278,51
4294967278,50
4294967278,49
4294967278,48
4294967278,47
4294967278,46
4294967278,45
4294967278,44
4294967278,43
4294967278,42
4294967278,41
4294967278,40
4294967278,39
4294967278,38
4294967278,243
4294967278,241
4294967278,239
4294967278,132
4294967278,131
4294967278,130
4294967278,129
4294967278,128
4294967278,126
4294967278,123
4294967278,121
4294967278,120
4294967278,119
4294967278,118
4294967278,117
4294967278,116
4294967278,115
4294967278,112
4294967278,110
4294967278,109
4294967278,107
4294967278,106
4294967278,101
4294967278,99
4294967278,98
4294967278,97
4294967278,96
4294967278,94
4294967278,93
4294967278,92
4294967278,91
4294967278,90
4294967278,89
4294967278,87
4294967278,86
4294967278,84
4294967278,83
4294967278,325
4294967278,82
4294967278,81
4294967278,80
4294967278,354
4294967278,79
4294967278,390
4294967278,78
4294967278,77
4294967278,76
4294967278,75
4294967278,320
4294967278,73
4294967278,71
4294967278,67
4294967278,65
4294967278,380
4294967278,64
4294967278,63
4294967278,62
4294967278,61
4294967278,60
4294967278,59
4294967278,58
4294967278,260
4294967279,318
4294967279,85
4294967279,548
4294967279,84
4294967279,83
4294967279,565
4294967279,82
4294967279,327
4294967279,81
4294967279,273
4294967279,80
4294967279,79
4294967279,78
4294967279,77
4294967279,76
4294967279,313
4294967279,75
4294967279,74
4294967279,332
4294967279,73
4294967279,72
4294967279,71
4294967279,309
4294967279,69
4294967279,68
4294967279,66
4294967279,65
4294967279,64
4294967279,63
4294967279,62
4294967279,305
4294967279,61
4294967279,304
4294967279,331
4294967279,59
4294967279,544
4294967279,57
4294967279,56
4294967279,55
4294967279,54
4294967279,53
4294967279,543
4294967279,52
4294967279,300
4294967279,51
4294967279,292
4294967279,50
4294967279,542
4294967279,49
4294967279,48
4294967279,47
4294967279,326
4294967279,46
4294967279,320
4294967279,290
4294967279,44
4294967279,43
4294967279,42
4294967279,540
4294967279,41
4294967279,299
4294967279,40
4294967279,289
4294967279,39
4294967279,298
4294967279,38
4294967279,297
4294967279,37
4294967279,296
4294967279,36
4294967279,346
4294967279,288
4294967279,572
4294967279,33
4294967279,569
4294967279,31
4294967279,286
4294967279,30
4294967279,260
4294967279,538
4294967279,29
4294967279,28
4294967279,27
4294967279,26
4294967279,25
4294967279,24
4294967279,294
4294967279,23
4294967279,22
4294967279,20
4294967279,19
4294967279,18
4294967279,17
4294967279,16
4294967279,15
4294967279,14
4294967279,13
4294967279,339
4294967279,334
4294967279,8
4294967279,6
4294967279,5
4294967279,4
4294967278,228
4294967278,226
4294967278,218
4294967278,216
4294967278,214
4294967278,205
4294967278,204
4294967278,203
4294967278,202
4294967278,201
4294967278,200
4294967278,199
4294967279,199
4294967278,85
4294967278,327
4294967278,197
4294967279,196
4294967278,195
4294967278,194
4294967278,193
4294967278,192
4294967278,191
4294967278,190
4294967279,190
4294967278,189
4294967279,189
4294967278,188
4294967278,74
4294967278,321
4294967278,186
4294967278,72
4294967278,319
4294967279,310
4294967294,999
4294967278,184
4294967278,408
4294967278,70
4294967294,386
4294967279,70
4294967278,69
4294967278,352
4294967279,345
4294967278,68
4294967278,385
4294967278,180
4294967294,38
4294967294,29
4294967294,41
4294967294,40
4294967294,36
4294967294,43
4294967279,67
4294967279,322
4294967278,66
4294967278,179
4294967278,316
4294967278,178
4294967278,177
4294967279,177
4294967279,173
4294967278,176
181,6
181,5
4294967278,175
181,4
4294967279,175
181,3
181,2
181,1
4294967294,44
4294967294,76
4294967279,60
4294967294,426
4294967294,45
4294967279,58
4294967279,545
4294967294,53
4294967294,52
4294967294,408
4294967294,1171
4294967294,406
4294967294,178
4294967294,385
4294967294,167
4294967294,183
4294967294,108
4294967294,454
4294967294,459
4294967294,184
4294967294,451
4294967294,88
4294967294,87
4294967294,85
4294967294,83
4294967279,168
4294967279,303
4294967279,167
4294967279,163
4294967279,164
4294967294,91
4294967294,92
4294967294,107
4294967279,160
4294967279,159
4294967279,45
4294967278,313
4294967279,344
4294967279,150
178,6
178,5
178,4
178,3
178,2
178,1
4294967279,148
4294967279,35
4294967279,34
4294967294,475
4294967294,1094
4294967279,32
4294967279,287
